200
0 6 1 7
1 16 1 19
2 30 3 34
3 29 3 43
4 49 7 68
5 34 6 58
6 35 2 37
7 23 5 62
8 76 4 93
9 9 4 30
10 55 7 71
11 22 9 78
12 57 2 100
13 78 3 83
14 64 5 138
15 135 10 192
16 149 13 219
17 60 11 124
18 12 6 75
19 14 18 109
20 4 20 83
21 11 14 27
22 153 5 158
23 51 11 101
24 188 33 221
25 165 8 297
26 29 10 98
27 34 5 102
28 244 12 318
29 174 17 315
30 214 14 273
31 26 3 139
32 254 24 280
33 178 5 249
34 277 20 385
35 118 32 251
36 293 2 382
37 286 35 327
38 239 30 419
39 137 39 258
40 258 76 447
41 81 72 307
42 298 61 402
43 218 39 416
44 356 38 460
45 414 36 514
46 75 37 183
47 144 33 229
48 244 47 493
49 335 16 408
50 296 59 598
51 378 95 599
52 292 98 576
53 386 56 659
54 501 103 743
55 28 68 331
56 266 26 486
57 475 62 599
58 488 96 585
59 419 49 703
60 418 36 613
61 393 90 670
62 332 12 643
63 588 53 729
64 599 103 949
65 95 144 534
66 613 60 860
67 656 48 763
68 559 102 988
69 452 56 591
70 23 64 162
71 706 94 883
72 321 7 489
73 736 51 925
74 64 89 223
75 322 114 582
76 107 28 410
77 702 92 869
78 287 164 453
79 72 52 210
80 755 82 1019
81 57 143 355
82 714 96 1155
83 675 168 998
84 123 56 582
85 667 43 752
86 62 100 279
87 355 79 719
88 512 117 914
89 496 12 583
90 274 77 587
91 161 119 662
92 877 32 964
93 489 86 946
94 436 146 585
95 630 19 1091
96 953 101 1503
97 678 129 1040
98 82 105 572
99 100 40 567
100 520 66 795
101 244 74 423
102 649 22 732
103 662 105 852
104 457 54 1005
105 235 45 428
106 797 107 1144
107 973 121 1497
108 348 57 432
109 226 146 652
110 335 50 390
111 311 33 570
112 857 30 1092
113 708 106 1178
114 1075 174 1279
115 190 186 389
116 356 132 705
117 225 31 773
118 908 138 1097
119 822 17 1347
120 750 111 902
121 931 57 1584
122 959 108 1669
123 1176 172 1348
124 196 286 505
125 1224 389 1709
126 1262 397 2205
127 734 108 1043
128 1022 178 1225
129 450 90 643
130 363 198 897
131 72 285 357
132 894 264 1268
133 273 306 884
134 47 70 787
135 1 133 808
136 550 250 1466
137 141 34 428
138 511 137 1031
139 884 201 1753
140 934 222 1798
141 90 200 913
142 895 178 1741
143 384 43 1106
144 989 83 1526
145 1251 51 1802
146 1291 111 1508
147 814 47 1189
148 115 56 380
149 1098 131 1901
150 428 236 1118
151 1387 374 2063
152 284 405 1017
153 1400 127 1835
154 1433 122 1808
155 1113 85 1414
156 469 169 1002
157 1176 36 1653
158 1303 5 1726
159 256 119 700
160 1227 129 1922
161 628 284 1620
162 1432 424 2593
163 1064 468 1724
164 1040 179 1453
165 1638 71 2359
166 1243 187 1819
167 271 276 1361
168 316 87 838
169 522 138 1184
170 504 138 1017
171 690 9 781
172 1348 123 1483
173 508 17 1235
174 530 174 877
175 1044 259 2079
176 443 242 1013
177 1621 399 2289
178 1780 475 2528
179 31 77 552
180 1747 16 2197
181 12 103 178
182 849 188 1531
183 858 164 1353
184 908 211 1193
185 1451 342 2275
186 1774 521 2474
187 556 460 1727
188 619 115 1145
189 256 38 1128
190 1795 206 2201
191 242 39 303
192 300 179 650
193 1521 159 2548
194 1177 121 1644
195 1489 88 2201
196 1201 187 1917
197 483 195 1496
198 1769 105 1955
199 1563 276 2046
