0 6 7
20 7 27
11 27 36
18 36 42
5 42 48
31 48 51
7 51 56
27 56 61
4 61 68
23 68 79
8 79 83
12 83 85
14 85 90
55 90 158
15 158 168
137 168 202
33 202 207
29 207 224
25 224 232
30 232 246
99 246 286
43 286 325
105 325 370
36 370 372
38 372 402
72 402 409
44 409 447
56 447 473
45 473 509
143 509 552
59 552 601
62 601 613
117 613 644
134 644 714
67 714 762
173 762 779
189 779 817
147 817 864
73 864 915
113 915 1021
112 1021 1051
96 1051 1152
119 1152 1169
122 1169 1277
121 1277 1334
144 1334 1417
157 1417 1453
158 1453 1458
145 1458 1509
160 1509 1638
196 1638 1825
193 1825 1984
165 1984 2055
180 2055 2071
195 2071 2159
162 2159 2583
