1 16 17
18 17 23
9 23 27
31 27 30
2 30 33
6 35 37
3 37 40
7 40 45
5 45 51
4 51 58
12 58 60
26 60 70
135 70 203
33 203 208
29 208 225
117 225 256
32 256 280
101 280 354
36 354 356
72 356 363
108 363 420
189 420 458
56 458 484
99 484 524
62 524 536
174 536 710
102 710 732
171 732 741
64 741 844
147 844 891
183 891 1055
173 1055 1072
95 1072 1091
121 1091 1148
96 1148 1249
119 1249 1266
122 1266 1374
157 1374 1410
144 1410 1493
154 1493 1615
195 1615 1703
158 1703 1708
160 1708 1837
198 1837 1942
190 1942 2148
180 2148 2164
165 2164 2235
193 2235 2394
